90 179 100 191
89 217 100 223
88 257 102 255
96 294 108 286
113 326 121 316
140 353 139 340
169 374 158 362
201 389 183 375
232 391 210 378
256 385 235 373
275 364 256 356
290 341 273 335
304 314 287 312
315 285 299 285
321 254 306 258
324 222 310 231
324 192 310 202
133 165 120 178
154 154 136 159
178 150 159 152
201 154 183 157
223 163 206 168
267 168 237 170
283 161 256 164
300 158 276 162
315 160 293 169
323 173 302 186
244 186 220 196
246 209 219 217
248 231 220 237
250 254 220 259
219 268 185 268
231 271 200 271
243 274 216 276
253 271 231 272
262 266 245 269
162 184 146 195
177 179 160 188
191 179 174 190
203 187 186 200
189 190 173 202
175 190 158 200
266 188 246 203
280 180 259 195
295 181 272 195
303 189 283 202
294 193 273 206
280 192 259 206
187 306 162 308
208 303 184 305
227 302 203 304
240 305 215 308
253 302 227 305
264 304 241 306
276 306 253 310
264 320 239 323
253 325 226 329
241 327 213 330
226 326 200 329
207 320 181 323
194 306 170 309
227 310 201 314
240 311 214 316
253 309 226 314
271 307 246 311
254 308 226 313
241 310 214 316
227 309 201 314
0 0 0 0
399 0 399 0
0 459 0 459
399 459 399 459
